0.00 40.00
0.25 42.50
0.50 44.98
0.75 47.42
1.00 49.80
1.25 52.11
1.50 54.33
1.75 56.45
2.00 58.44
2.25 60.29
2.50 61.99
2.75 63.53
3.00 64.88
3.25 66.06
3.50 67.03
3.75 67.81
4.00 68.37
4.25 68.73
4.50 68.87
4.75 68.79
5.00 68.49
5.25 67.99
5.50 67.27
5.75 66.35
6.00 65.23
6.25 63.92
6.50 62.43
6.75 60.78
7.00 58.96
7.25 57.01
7.50 54.93
7.75 52.74
8.00 50.45
8.25 48.08
8.50 45.65
8.75 43.18
9.00 40.69
9.25 38.19
9.50 35.71
9.75 33.25
10.00 30.85
10.25 28.52
10.50 26.27
10.75 24.12
11.00 22.10
11.25 20.21
11.50 18.46
11.75 16.88
12.00 15.47
12.25 14.25
12.50 13.22
12.75 12.39
13.00 11.76
13.25 11.35
13.50 11.15
13.75 11.17
14.00 11.40
14.25 11.85
14.50 12.51
14.75 13.38
15.00 14.45
15.25 15.70
15.50 17.14
15.75 18.75
16.00 20.52
16.25 22.44
16.50 24.48
16.75 26.65
17.00 28.91
17.25 31.26
17.50 33.67
17.75 36.13
18.00 38.62
18.25 41.12
18.50 43.61
18.75 46.07
19.00 48.49
19.25 50.85
19.50 53.12
19.75 55.30
20.00 57.36
20.25 59.29
20.50 61.07
20.75 62.70
21.00 64.16
21.25 65.43
21.50 66.52
21.75 67.41
22.00 68.09
22.25 68.56
22.50 68.82
22.75 68.86
23.00 68.68
23.25 68.29
23.50 67.69
23.75 66.88
24.00 65.87
24.25 64.66
24.50 63.27
24.75 61.71
25.00 59.98
25.25 58.10
25.50 56.09
25.75 53.96
26.00 51.72
26.25 49.40
26.50 47.00
26.75 44.55
27.00 42.07
27.25 39.57
27.50 37.07
27.75 34.60
28.00 32.17
28.25 29.80
28.50 27.50
28.75 25.29
29.00 23.20
29.25 21.23
29.50 19.41
29.75 17.73
30.00 16.23
30.25 14.90
30.50 13.76
30.75 12.82
31.00 12.08
31.25 11.55
31.50 11.23
31.75 11.13
32.00 11.25
32.25 11.58
32.50 12.12
32.75 12.88
33.00 13.83
33.25 14.99
33.50 16.33
33.75 17.84
34.00 19.53
34.25 21.36
34.50 23.34
34.75 25.44
35.00 27.65
35.25 29.95
35.50 32.33
35.75 34.77
36.00 37.24
36.25 39.74
36.50 42.24
36.75 44.72
37.00 47.16
37.25 49.56
37.50 51.88
37.75 54.11
38.00 56.23
38.25 58.24
38.50 60.10
38.75 61.82
39.00 63.37
39.25 64.75
39.50 65.94
39.75 66.94
40.00 67.74
40.25 68.33
40.50 68.70
40.75 68.86
41.00 68.81
41.25 68.53
41.50 68.05
41.75 67.35
42.00 66.45
42.25 65.35
42.50 64.06
42.75 62.59
43.00 60.95
43.25 59.16
43.50 57.22
43.75 55.15
44.00 52.97
44.25 50.69
44.50 48.33
44.75 45.91
45.00 43.44
45.25 40.95
45.50 38.45
45.75 35.96
46.00 33.51
46.25 31.10
46.50 28.76
46.75 26.50
47.00 24.34
47.25 22.30
47.50 20.40
47.75 18.64
48.00 17.04
48.25 15.61
48.50 14.37
48.75 13.31
49.00 12.46
49.25 11.82
49.50 11.38
49.75 11.16
50.00 11.16
