0.00 110.00
0.25 109.81
0.50 109.25
0.75 108.32
1.00 107.03
1.25 105.39
1.50 103.40
1.75 101.09
2.00 98.47
2.25 95.57
2.50 92.39
2.75 88.98
3.00 85.34
3.25 81.52
3.50 77.54
3.75 73.42
4.00 69.20
4.25 64.92
4.50 60.60
4.75 56.27
5.00 51.97
5.25 47.73
5.50 43.59
5.75 39.56
6.00 35.69
6.25 32.00
6.50 28.53
6.75 25.28
7.00 22.30
7.25 19.60
7.50 17.21
7.75 15.13
8.00 13.39
8.25 12.00
8.50 10.97
8.75 10.30
9.00 10.01
9.25 10.10
9.50 10.56
9.75 11.38
10.00 12.58
10.25 14.13
10.50 16.02
10.75 18.24
11.00 20.78
11.25 23.60
11.50 26.71
11.75 30.06
12.00 33.63
12.25 37.41
12.50 41.35
12.75 45.43
13.00 49.62
13.25 53.89
13.50 58.21
13.75 62.54
14.00 66.85
14.25 71.10
14.50 75.28
14.75 79.34
15.00 83.26
15.25 87.00
15.50 90.54
15.75 93.85
16.00 96.90
16.25 99.68
16.50 102.16
16.75 104.33
17.00 106.16
17.25 107.65
17.50 108.78
17.75 109.55
18.00 109.94
18.25 109.96
18.50 109.61
18.75 108.88
19.00 107.79
19.25 106.34
19.50 104.54
19.75 102.40
20.00 99.95
20.25 97.20
20.50 94.18
20.75 90.89
21.00 87.37
21.25 83.65
21.50 79.75
21.75 75.71
22.00 71.54
22.25 67.29
22.50 62.99
22.75 58.66
23.00 54.34
23.25 50.06
23.50 45.86
23.75 41.77
24.00 37.81
24.25 34.02
24.50 30.42
24.75 27.04
25.00 23.91
25.25 21.06
25.50 18.49
25.75 16.23
26.00 14.31
26.25 12.72
26.50 11.49
26.75 10.63
27.00 10.13
27.25 10.01
27.50 10.26
27.75 10.88
28.00 11.87
28.25 13.23
28.50 14.93
28.75 16.97
29.00 19.34
29.25 22.01
29.50 24.96
29.75 28.18
30.00 31.63
30.25 35.30
30.50 39.15
30.75 43.16
31.00 47.30
31.25 51.53
31.50 55.82
31.75 60.15
32.00 64.47
32.25 68.76
32.50 72.99
32.75 77.11
33.00 81.11
33.25 84.96
33.50 88.61
33.75 92.05
34.00 95.25
34.25 98.18
34.50 100.83
34.75 103.18
35.00 105.19
35.25 106.88
35.50 108.20
35.75 109.17
36.00 109.77
36.25 110.00
36.50 109.85
36.75 109.33
37.00 108.44
37.25 107.18
37.50 105.57
37.75 103.62
38.00 101.35
38.25 98.76
38.50 95.88
38.75 92.73
39.00 89.34
39.25 85.73
39.50 81.93
39.75 77.96
40.00 73.85
40.25 69.65
40.50 65.37
40.75 61.05
41.00 56.72
41.25 52.42
41.50 48.17
41.75 44.01
42.00 39.98
42.25 36.09
42.50 32.38
42.75 28.88
43.00 25.61
43.25 22.60
43.50 19.87
43.75 17.44
44.00 15.33
44.25 13.55
44.50 12.13
44.75 11.06
45.00 10.36
45.25 10.03
45.50 10.07
45.75 10.49
46.00 11.28
46.25 12.44
46.50 13.95
46.75 15.81
47.00 17.99
47.25 20.50
47.50 23.30
47.75 26.37
48.00 29.70
48.25 33.25
48.50 37.01
48.75 40.93
49.00 45.00
49.25 49.18
49.50 53.45
49.75 57.76
50.00 62.09
